info,26980,System sa spusta...
err,27542,BME280 odpojeny
info,27703,MPU6050 inicializovany OK
info,27871,SGP30 inicializovany OK
info,28338,Ref_Tlak:1012.4hPa,Ref_Teplota:22.4C
info,28504,SD karta pripravena
info,28666,Sonda pripravena na start
warning,28829,Kriticka rotacia padaku: -0.16
warning,28994,Strata GPS signalu v lete (Zly Fix)
data,29161,0,22.4,45,450,15,0,0,1.25,0,0,-0.16,0,0
info,30334,DETEKCIA STARTU! Sonda stupa.
data,30503,200.381771333333,21.0975184863333,49.0076354266667,439,12,0,0,1.39,0,0,-0.28,48.615004,19.150008
data,31698,362.79495,20.041832825,52.255899,431,11,0,0,1.33,0,0,-0.43,48.615006,19.150012
data,32883,490.965883333333,19.2087217583333,54.8193176666667,425,10,0,0,1.35,0,0,-0.37,48.615008,19.150016
warning,34080,Hodnoty mimo rozsahu! T:-72 RH:277
warning,34240,Strata GPS signalu v lete (Zly Fix)
data,34407,606.465995333334,-72,277,419,8,0,0,1.02,0,0,0.46,0,0
err,35593,Chyba citania meteo dat
data,35764,733.452085333334,17.6325614453333,59.6690417066667,413,7,0,0,1.3,0,0,-0.01,48.615012,19.150024
warning,36951,Kriticka rotacia padaku: 0.29
data,37116,829.234541333333,17.0099754813333,61.5846908266667,408,6,0,0,1.32,0,0,0.29,48.615014,19.150028
warning,38309,Kriticka rotacia padaku: 0.06
data,38474,907.753275333333,16.4996037103333,63.1550655066667,404,5,0,0,1.16,0,0,0.06,48.615016,19.150032
data,39659,968.890715333333,16.1022103503333,64.3778143066667,401,5,0,0,1.08,0,0,0.01,48.615018,19.150036
err,40850,Chyba citania meteo dat
data,41081,1008.585942,15.844191377,65.17171884,399,4,0,0,1.17,0,0,-0.38,48.61502,19.15004
warning,42268,Kriticka rotacia padaku: -0.15
data,42433,1038.61406133333,15.6490086013333,65.7722812266667,398,4,0,0,1.08,0,0,-0.15,48.615022,19.150044
data,43624,1049.805792,15.576262352,65.99611584,397,4,0,0,1.07,0,0,0.16,48.615024,19.150048
info,44807,APOGEE DOSIAHNUTE. Padak otvoreny.
err,44981,Chyba citania meteo dat
data,45142,1008.84,15.84254,65.1768,399,4,0,0,1.04,0,0,-0.20173456292091,48.615026,19.150052
data,46328,945.042,16.257227,63.90084,402,5,0,0,1.05,0,0,-2.54961239395458,48.615028,19.150056
data,47513,895.272,16.580732,62.90544,405,6,0,0,0.92,0,0,-0.51200169197803,48.61503,19.15006
data,48697,845.544,16.903964,61.91088,407,6,0,0,1.1,0,0,1.67823168622813,48.615032,19.150064
err,49888,Chyba citania meteo dat
data,50053,795.522,17.229107,60.91044,410,7,0,0,1.02,0,0,2.05725645208098,48.615034,19.150068
data,51239,738.78,17.59793,59.7756,413,7,0,0,0.9,0,0,-1.07677858269834,48.615036,19.150072
data,52424,689.01,17.921435,58.7802,415,8,0,0,1.05,0,0,-2.96863432496994,48.615038,19.150076
data,53608,639.282,18.244667,57.78564,418,8,0,0,1.04,0,0,-0.66602451923921,48.61504,19.15008
warning,54800,Kriticka rotacia padaku: 1.73702664062139
data,54964,589.26,18.56981,56.7852,420,9,0,0,1.04,0,0,1.73702664062139,48.615042,19.150084
data,56157,532.224,18.940544,55.64448,423,9,0,0,1.08,0,0,1.84819381146142,48.6150440000001,19.150088
data,57341,482.496,19.263776,54.64992,425,10,0,0,1.02,0,0,-0.75858748146714,48.6150460000001,19.150092
data,58537,432.264,19.590284,53.64528,428,10,0,0,1.01,0,0,-2.61653094416265,48.6150480000001,19.150096
data,59727,382.284,19.915154,52.64568,430,11,0,0,0.9,0,0,-1.06769919777626,48.6150500000001,19.1501
data,60923,332.01,20.241935,51.6402,433,11,0,0,0.95,0,0,1.57018076296201,48.6150520000001,19.150104
data,62112,282.282,20.565167,50.64564,435,12,0,0,1.01,0,0,1.95397559794912,48.6150540000001,19.150108
data,63304,232.05,20.891675,49.641,438,12,0,0,0.9,0,0,-0.0839360747221,48.6150560000001,19.150112
data,64560,179.298,21.234563,48.58596,441,13,0,0,1.03,0,0,-2.09525765289291,48.6150580000001,19.150116
data,65750,129.318,21.559433,47.58636,443,13,0,0,1.06,0,0,-1.77483962509176,48.6150600000001,19.15012
warning,66947,Kriticka rotacia padaku: 1.15457811163473
warning,67106,Strata GPS signalu v lete (Zly Fix)
data,67273,79.0860000000001,21.885941,46.58172,446,14,0,0,1.04,0,0,1.15457811163473,0,0
data,68464,15.54,22.29899,45.3108,449,14,0,0,0.91,0,0,2.51966117586023,48.6150640000001,19.150128
info,69654,DETEKCIA DOPADU. Let ukonceny.
info,69817,Zachranne suradnice -> LAT: 48.6150640000001 LON: 19.150128
